0 0.367258 0.437052 0.258766 0.309151
0 0.414461 0.623443 0.324516 0.310425
0 0.444383 0.853703 0.367484 0.292594
0 0.548477 0.162241 0.194703 0.194670
0 0.632352 0.351167 0.313547 0.343514
0 0.712844 0.512123 0.336313 0.352406
0 0.812805 0.758927 0.374391 0.482146
0 0.872563 0.183880 0.244437 0.286250
0 0.106813 0.206769 0.193031 0.146321
0 0.112711 0.330825 0.191328 0.129764
0 0.120297 0.507028 0.236844 0.273538
0 0.129984 0.765307 0.241063 0.360047
0 0.337766 0.225861 0.214938 0.197193
0 0.305734 0.123443 0.209875 0.180660
